f=1
b=23
c=123
ddd=121
cd=12212
aa=123