a=1
v=2
d=3
c=123
ddd=123
