vbaukjdakcva=123123123