f=123
c=1255